<<<<<<< HEAD
=======
######### some stuff ####
a <- 1
b <- 2
c <- a + b 
>>>>>>> ba477f5ac47047e4d7e71087975322e49bbefad0

Junk Test